0 150 0.40993499755859375 0.20354317128658295 0.15584415584415584
1 150 0.43153396248817444 0.12021443247795105 0.1168831168831169
2 150 0.45084527134895325 0.14410115778446198 0.1168831168831169
3 150 0.47117891907691956 0.11017127335071564 0.12987012987012989
4 150 0.4889010190963745 0.08782792091369629 0.10389610389610389
5 150 0.5054194331169128 0.08780117332935333 0.10389610389610389
6 150 0.5189551711082458 0.10617727041244507 0.12987012987012989
7 150 0.5323594808578491 0.0853225514292717 0.12987012987012989
8 150 0.5452634692192078 0.05501699820160866 0.09090909090909091
9 150 0.5556662678718567 0.08079436421394348 0.15584415584415584
10 150 0.5657334327697754 0.08461405336856842 0.12987012987012989
11 150 0.5755242705345154 0.06134268641471863 0.10389610389610389
12 150 0.5840908885002136 0.0849619209766388 0.12987012987012989
13 150 0.5925430059432983 0.07863304764032364 0.09090909090909091
14 150 0.6002272963523865 0.050524964928627014 0.18181818181818182
15 150 0.6083887815475464 0.055143170058727264 0.09090909090909091
16 150 0.6154407858848572 0.06810539960861206 0.1168831168831169
17 150 0.6218294501304626 0.07121704518795013 0.1168831168831169
18 150 0.6278992891311646 0.061632730066776276 0.09090909090909091
19 150 0.6338446736335754 0.053133994340896606 0.14285714285714285
20 150 0.6391611695289612 0.045443639159202576 0.1168831168831169
21 150 0.6446903347969055 0.06560850143432617 0.18181818181818182
22 150 0.6500194072723389 0.0518857017159462 0.16883116883116883
23 150 0.654877245426178 0.03121347911655903 0.12987012987012989
24 150 0.6589925289154053 0.055409692227840424 0.12987012987012989
25 150 0.6632515788078308 0.05414848029613495 0.12987012987012989
26 150 0.6673866510391235 0.08713582158088684 0.18181818181818182
27 150 0.6710687875747681 0.06110720336437225 0.09090909090909091
28 150 0.6748007535934448 0.05006130039691925 0.1168831168831169
29 150 0.6785248517990112 0.07657979428768158 0.24675324675324675
30 150 0.6819535493850708 0.03727271780371666 0.10389610389610389
31 150 0.685704231262207 0.0363767147064209 0.1168831168831169
32 150 0.6886827945709229 0.047452423721551895 0.12987012987012989
33 150 0.6916739344596863 0.06060570478439331 0.09090909090909091
34 150 0.694848895072937 0.04725184291601181 0.09090909090909091
35 150 0.6979259848594666 0.03622623533010483 0.09090909090909091
36 150 0.7007462978363037 0.02502240054309368 0.09090909090909091
37 150 0.7035974860191345 0.03698422759771347 0.09090909090909091
38 150 0.7061988115310669 0.03605359047651291 0.10389610389610389
39 150 0.7088801860809326 0.03883339837193489 0.09090909090909091
40 150 0.7113229632377625 0.048486582934856415 0.10389610389610389
41 150 0.7136999368667603 0.04866588115692139 0.1948051948051948
42 150 0.7160470485687256 0.03767022863030434 0.12987012987012989
43 150 0.7181702852249146 0.037892114371061325 0.14285714285714285
44 150 0.7205624580383301 0.0371231734752655 0.09090909090909091
45 150 0.7226681113243103 0.025230783969163895 0.15584415584415584
46 150 0.7245838642120361 0.03850670903921127 0.09090909090909091
47 150 0.7266692519187927 0.018444102257490158 0.09090909090909091
48 150 0.7286118268966675 0.038950856775045395 0.12987012987012989
49 150 0.730468213558197 0.03184523060917854 0.10389610389610389
50 150 0.7323135733604431 0.03604436665773392 0.09090909090909091
51 150 0.7341896295547485 0.04479645937681198 0.09090909090909091
52 150 0.736007034778595 0.04093216732144356 0.09090909090909091
53 150 0.7377666234970093 0.042447201907634735 0.14285714285714285
54 150 0.7394832968711853 0.029243551194667816 0.09090909090909091
55 150 0.7409770488739014 0.03275178745388985 0.10389610389610389
56 150 0.7425608038902283 0.032081589102745056 0.09090909090909091
57 150 0.7439889907836914 0.032429955899715424 0.09090909090909091
58 150 0.7454134225845337 0.04469897970557213 0.09090909090909091
59 150 0.7467384934425354 0.036546118557453156 0.09090909090909091
60 150 0.7479605078697205 0.045112766325473785 0.20779220779220778
61 150 0.7492018342018127 0.0407036617398262 0.15584415584415584
62 150 0.7503569722175598 0.04426942393183708 0.10389610389610389
63 150 0.7517954111099243 0.03500319644808769 0.1168831168831169
64 150 0.7531358599662781 0.05031836777925491 0.15584415584415584
65 150 0.7544476985931396 0.022099649533629417 0.09090909090909091
66 150 0.7557401061058044 0.03729777783155441 0.15584415584415584
67 150 0.7569913268089294 0.0428885892033577 0.1168831168831169
68 150 0.758043646812439 0.02302929013967514 0.18181818181818182
69 150 0.7592762112617493 0.026442518457770348 0.09090909090909091
70 150 0.7601979374885559 0.03176926076412201 0.15584415584415584
71 150 0.7613519430160522 0.0400080606341362 0.09090909090909091
72 150 0.7624409794807434 0.03940697759389877 0.12987012987012989
73 150 0.763511598110199 0.02173745445907116 0.09090909090909091
74 150 0.7644863724708557 0.03562794625759125 0.10389610389610389
75 150 0.7655245661735535 0.03366299346089363 0.1168831168831169
76 150 0.7665410041809082 0.04286973550915718 0.09090909090909091
77 150 0.7674296498298645 0.034706808626651764 0.10389610389610389
78 150 0.7684416770935059 0.02110103890299797 0.09090909090909091
79 150 0.7694404721260071 0.03938717022538185 0.15584415584415584
80 150 0.7704305648803711 0.038177236914634705 0.15584415584415584
81 150 0.7711891531944275 0.05524506792426109 0.1168831168831169
82 150 0.7716314196586609 0.08146628737449646 0.14285714285714285
83 150 0.7720238566398621 0.03482680767774582 0.09090909090909091
84 150 0.7727642059326172 0.041896604001522064 0.1168831168831169
85 150 0.7735555768013 0.03147997707128525 0.14285714285714285
86 150 0.7744954228401184 0.03509904444217682 0.09090909090909091
87 150 0.775352418422699 0.03997116535902023 0.16883116883116883
88 150 0.7763370275497437 0.04245738685131073 0.15584415584415584
89 150 0.7772169709205627 0.020626250654459 0.09090909090909091
90 150 0.7781214714050293 0.024833278730511665 0.09090909090909091
91 150 0.7791204452514648 0.03401594236493111 0.14285714285714285
92 150 0.7800300121307373 0.030993470922112465 0.1168831168831169
93 150 0.7810033559799194 0.026570487767457962 0.1168831168831169
94 150 0.7818117141723633 0.03769024834036827 0.10389610389610389
95 150 0.7826889157295227 0.03398454934358597 0.09090909090909091
96 150 0.7835201025009155 0.019962793216109276 0.10389610389610389
97 150 0.7842918634414673 0.035955220460891724 0.15584415584415584
98 150 0.7850693464279175 0.04251968115568161 0.1948051948051948
99 150 0.7856989502906799 0.03903642296791077 0.1168831168831169
100 150 0.7860091924667358 0.049315597862005234 0.09090909090909091
101 150 0.7864701151847839 0.028749730437994003 0.09090909090909091
102 150 0.7869700193405151 0.035983726382255554 0.09090909090909091
103 150 0.7875188589096069 0.05244910717010498 0.09090909090909091
104 150 0.7880616188049316 0.0243881493806839 0.14285714285714285
105 150 0.7887094020843506 0.0441572405397892 0.14285714285714285
106 150 0.789362907409668 0.027657072991132736 0.09090909090909091
107 150 0.7900691628456116 0.043011169880628586 0.14285714285714285
108 150 0.7907629609107971 0.016278868541121483 0.10389610389610389
109 150 0.7914669513702393 0.023709207773208618 0.14285714285714285
110 150 0.7921345829963684 0.023121198639273643 0.10389610389610389
111 150 0.7928551435470581 0.019889499992132187 0.1168831168831169
112 150 0.7935839891433716 0.032905399799346924 0.10389610389610389
113 150 0.7943376302719116 0.036192819476127625 0.20779220779220778
114 150 0.7950317859649658 0.02703986130654812 0.09090909090909091
115 150 0.7957214117050171 0.03233150392770767 0.1168831168831169
116 150 0.7964617013931274 0.023183386772871017 0.09090909090909091
117 150 0.7970989346504211 0.021821266040205956 0.09090909090909091
118 150 0.7977093458175659 0.041521430015563965 0.09090909090909091
119 150 0.7983410954475403 0.03786653280258179 0.09090909090909091
120 150 0.7989752292633057 0.019303012639284134 0.09090909090909091
121 150 0.7995650172233582 0.024347063153982162 0.09090909090909091
122 150 0.7999542355537415 0.03876582533121109 0.10389610389610389
123 150 0.8001858592033386 0.03468141704797745 0.10389610389610389
124 150 0.8005471229553223 0.036526404321193695 0.09090909090909091
125 150 0.800950288772583 0.042010389268398285 0.1168831168831169
126 150 0.8013477921485901 0.060859717428684235 0.2337662337662338
127 150 0.8018804788589478 0.021041350439190865 0.09090909090909091
128 150 0.8024060726165771 0.03376489132642746 0.16883116883116883
129 150 0.8028839230537415 0.02327546663582325 0.09090909090909091
130 150 0.8034295439720154 0.020919909700751305 0.1168831168831169
131 150 0.8040186166763306 0.0245389174669981 0.1168831168831169
132 150 0.804624080657959 0.02815525233745575 0.09090909090909091
133 150 0.8052369952201843 0.016401369124650955 0.10389610389610389
134 150 0.8058816194534302 0.035492464900016785 0.09090909090909091
135 150 0.8065276145935059 0.025298653170466423 0.1168831168831169
136 150 0.8071146607398987 0.02132941223680973 0.09090909090909091
137 150 0.8077163100242615 0.021770142018795013 0.10389610389610389
138 150 0.8083264231681824 0.030904516577720642 0.09090909090909091
139 150 0.8088417053222656 0.029489032924175262 0.10389610389610389
140 150 0.80934077501297 0.030536282807588577 0.10389610389610389
141 150 0.8097134828567505 0.0478566512465477 0.12987012987012989
142 150 0.8100494742393494 0.03128276765346527 0.1168831168831169
143 150 0.8103966116905212 0.042687151581048965 0.2857142857142857
144 150 0.8108499050140381 0.05557359755039215 0.15584415584415584
145 150 0.8112508654594421 0.027354169636964798 0.09090909090909091
146 150 0.8117027282714844 0.028509579598903656 0.10389610389610389
147 150 0.8121400475502014 0.037480004131793976 0.10389610389610389
148 150 0.8126716017723083 0.03735848143696785 0.14285714285714285
149 150 0.8131620287895203 0.021249406039714813 0.09090909090909091
0 150 0.3904533386230469 0.17645263671875 0.1168831168831169
1 150 0.42022940516471863 0.1297246217727661 0.10389610389610389
0 150 0.3957591652870178 0.17406481504440308 0.10389610389610389
0 150 0.39148321747779846 0.1748257428407669 0.09090909090909091
